401 3837756 26 40 32
418 4691215 49 27
341 3860156 76 81 82
422 7276732 91 83 93
471 6757663 65 69 75
402 3837756 16 33 28
414 6757663 88 86
416 4691215 63 26 36
401 1863648 63 34 69
424 4691215 56 61
204 8142762 31 42
422 4691215 34 53 67
342 8142762 71 49 82
413 3525766 73 69 84
234 2936757 56 52 45
371 8142762 81 68 75
454 2475057 86 79
454 1863648 61 48
402 2475057 56 63 48
204 2936757 93 76
301 8512121 56 23 62
401 2475057 86 65 72
341 8512121 12 38 64
452 2475057 65 86 82
421 3341087 65 81 93
234 8142762 43 57 62
451 3341087 23 12 36
463 7588722 48 56 82
453 3341087 52 46
403 2475057 65 86 91
465 7588722 25 59
415 3341087 56 52
469 7588722 66 86
471 6572983 75 69 80
481 6572983 85 65 27
413 3341087 65 86 59
414 6572983 23 63
416 8938851 89 96 86
423 3341087 96 98
422 8938851 89 98 82
371 2936757 86 95 78
467 7588722 93 86 82
382 2936757 56 85 69
424 8938851 86 93
204 6260994 85 76
471 6999712 75 69 90
412 6572983 54 46 29
371 6260994 80 42 58
342 6260994 16 22 66
342 2936757 96 92 86
452 1366979 75 66 82
454 1366979 81 69
418 8938851 95 100
402 1366979 46 33 48
415 7184392 26 51
421 7184392 65 71 53
423 7184392 46 68
451 7184392 73 12 56
453 7184392 32 56
453 4945835 2 5
463 3156407 48 51 71
463 5926604 48 31 61
418 6850003 82 69
467 5926604 13 26 52
412 6999712 64 56 49
469 5926604 86 46
234 6260994 56 62 45
481 6999712 85 65 67
382 6260994 51 84 63
414 6999712 73 53
416 6850003 69 96 96
465 5926604 25 43
401 1366979 56 60 62
422 6850003 79 81 82
342 8754171 59 75 85
382 8754171 54 85 75
452 7958082 14 45 25
424 6850003 68 76
234 2233008 26 12 5
371 2233008 0 2 8
423 4945835 6 8
204 2233008 12 56
451 4945835 7 12 6
465 3156407 50 53
467 3156407 33 26 42
469 3156407 46 36
471 5130515 55 49 70
481 5130515 45 35 67
412 5130515 34 26 41
414 5130515 63 59
416 6884973 29 36 46
418 6884973 62 59
422 6884973 49 51 42
424 6884973 48 36
204 8754171 23 48
234 8754171 75 56 65
341 7830772 43 23 35
371 8754171 45 59 58
454 7958082 45 13
401 7958082 26 19 29
402 7958082 26 56 71
403 7958082 75 75 62
421 3248747 45 19 59
301 7830772 86 43 65
413 3248747 15 75 87
415 3248747 39 77
423 3248747 45 81
467 2083298 49 66 72
451 3248747 64 29 69
453 3248747 22 55
463 2083298 48 57 61
465 2083298 66 77
469 2083298 16 67
471 5869234 52 89 73
481 5869234 55 35 83
454 5706954 69 78
234 2140668 45 55 65
401 5706954 63 59 79
412 5869234 61 62 43
414 5869234 29 78
416 7738432 65 65 65
371 2140668 60 35 68
424 7738432 70 73
204 2140668 20 60
342 2140668 60 75 85
382 2140668 70 85 85
452 5706954 45 45 55
402 5706954 65 75 71
403 5706954 75 80 85
301 4668815 86 75 89
341 4668815 41 53 62
413 2637338 84 42 79
415 2637338 75 77
421 2637338 44 19 53
423 2637338 35 41
451 2637338 34 29 63
453 2637338 72 59
463 8235101 59 57 62
465 8235101 95 79
418 7738432 81 82
422 7738432 70 75 80
467 8235101 79 85 72
469 8235101 85 95
471 2602367 79 89 86
414 2602367 89 100
416 2544998 14 16 65
418 2544998 81 19
481 2602367 92 79 83
412 2602367 91 98 99
422 2544998 70 100 80
234 4484136 23 14 25
424 2544998 34 26
204 4484136 11 12
371 4484136 36 17 28
342 4484136 29 20 11
382 4484136 22 23 34
452 1863648 40 40 40
402 1863648 35 67 56
403 1863648 75 82 71
301 4356826 73 74 79
341 4356826 46 43 64
413 2787047 73 46 71
415 2787047 48 69
421 2787047 34 29 43
423 2787047 29 61
451 2787047 46 52 67
453 2787047 71 53
463 4207116 64 52 63
465 4207116 87 73
469 4207116 74 79
481 1551658 62 62 83
467 4207116 76 83 77
414 1551658 87 76
416 7276732 63 96 86
418 7276732 82 89
382 8142762 45 78 69
412 1551658 63 84 80
454 1344579 93 98
481 6757663 82 68 87
412 6757663 83 84 90
401 1344579 89 91 93
415 3525766 80 79
403 1344579 100 91 100
301 3860156 73 58 85
452 1344579 90 92 100
421 3525766 39 71 83
465 5280225 79 81
467 5280225 71 76 77
423 3525766 83 68
402 1344579 96 95 100
453 3525766 71 76
463 5280225 63 52 63
454 3837756 41 39
469 5280225 81 86
471 1551658 49 61 85
424 7276732 94 96
415 4945835 6 1
301 7369072 79 86 100
451 3525766 49 75 91
341 7369072 97 89 100
403 1366979 95 86 91
301 6168654 46 13 69
341 6168654 22 33 44
413 7184392 15 46 39
342 2233008 16 21 36
382 2233008 0 0 0
452 3837756 25 36 42
403 3837756 35 26 11
301 6053914 36 23 19
341 6053914 12 23 14
413 4945835 15 26 49
421 4945835 5 7 5